{"metadata":{"kernelspec":{"language":"python","display_name":"Python 3","name":"python3"},"language_info":{"name":"python","version":"3.10.13","mimetype":"text/x-python","codemirror_mode":{"name":"ipython","version":3},"pygments_lexer":"ipython3","nbconvert_exporter":"python","file_extension":".py"},"kaggle":{"accelerator":"none","dataSources":[{"sourceId":3574347,"sourceType":"datasetVersion","datasetId":2147340}],"dockerImageVersionId":30646,"isInternetEnabled":true,"language":"python","sourceType":"notebook","isGpuEnabled":false}},"nbformat_minor":4,"nbformat":4,"cells":[{"cell_type":"markdown","source":"### Data Distance Measurement","metadata":{}},{"cell_type":"markdown","source":"공간상 데이터들 간의 거리가 가까우면 가까울수록 유사하다고 볼 수 있다. 이러한 데이터 간의 거리 측정 혹은 유사도 측정은 데이터 분식 및 모델링에서 매우 중요하다. 이렇듯 관측치 A를 기준으로 B와 C 중 어느 관측치가 더 가까이 있는가를 판단하기 위한 것이 Data Distance Measurement(데이터 거리 측정)이다.","metadata":{}},{"cell_type":"markdown","source":"**Euclidean Distance 유클리드 거리**  \n유클리드 거리 측정은 관측치 간의 직선거리를 측정하는 것으로 피타고라스 정리를 활용한다. n차원의 데이터에 대한 유클리드 거리는 다음과 같이 계산한다.  \n$$d(A,B)=\\sqrt{(a_1-b_1)^2 + (a_2-b_2)^2 + ... + (a_n-b_n)^2} = \\sqrt{\\sum_{i=1}^{n}(a_i-b_i)^2}$$  \nL2 Norm이라고도 불린다.","metadata":{}},{"cell_type":"markdown","source":"**Manhattan Distance 맨해튼 거리**  \n맨해튼 거리는 A지점과 B지점가지의 X축 거리, Y축 거리를 합해주면 된다.  \n$$d(A,B) = |a_1-b_1| + |a_2-b_2|+...+|a_n-b_n|$$  \n![manhattan distance](https://static.packt-cdn.com/products/9781789956399/graphics/C12628_01_06.jpg)  \nL1Norm이라고도 불린다.","metadata":{}},{"cell_type":"markdown","source":"**Minkowski Distance 민코프스키 거리**  \n민코프스키 거리는 유클리드 거리 수식과 동일하며 단지 제곱 부분을 p-norm값으로 설정하여 조정할 수 있다. p값을 1로 설정하면 맨해튼 거리와 동일하고, 2로 설정하면 유클리드 거리와 동일하다.  $$d(A,B)=(\\sum_{i=1}^n(a_i-b_i)^p)^{\\frac{1}{p}}$$\n","metadata":{}},{"cell_type":"markdown","source":"**Chebyshev Distance 체비쇼프 거리**\nMinkowski distance의 p값을 무한대로 설정했을 때, Chebyshev distance 혹은 maximum distance라 한다. 또는 L max Norm으로도 불린다.  \n체비쇼프 거리는 군집 간의 최대 거리를 구할 때 사용한다.\n$$d(A,B)=max(|a_1-b_1|)=\\lim_{n\\rightarrow \\infty}\\left [\\sum_{i=1}^p(a_i-b_i)^n \\right ]^{\\frac{1}{n}}$$","metadata":{}},{"cell_type":"markdown","source":"**Mahalanobis Distance 마할라노비스 거리**  \n마할라노비스 거리는 유클리드 거리에 공분산을 고려한 거리 측정 방법이다. 변수 내 분산과 변수 간 공분산을 모두 반영하여 A와 B 간 거리를 계산한다. 마할라노비스 거리는 확률 분포를 고려하기 때문에 기존 유클리드 공식에 공분산 행렬을 더해준다.  \n$$d(A,B) = \\sqrt{(A-B)^{\\sum^{-1}}(A-B)^T}$$  \n![mahalanobis](https://www.researchgate.net/publication/334035854/figure/fig4/AS:774052423688200@1561559887723/Fig-A1-Example-of-the-Mahalanobis-distance-d-M-for-2-dimensional-case.png)","metadata":{}},{"cell_type":"markdown","source":"**Cosine Distance 코사인 거리**  \nCosine Similarity(코사인 유사도)는 벡터 사이의 각도만으로 두 점 간의 유사도를 측정한다. 즉, 두 벡터의 사이각을 구해서 유사도를 구하는 것이다. 두 점 간의 각도가 작으면 유사도가 높고, 각도가 크면 유사도가 낮아진다. 즉, 실제 거리보다 좌표 공간상 각도가 얼마나 차이나는 가에 따라 유사도를 측정한다.  \n![cosine similarity](https://www.tyrrell4innovation.ca/wp-content/uploads/2021/06/rsz_jenny_du_miword.png)  \n1에서 코사인 유사도를 빼주면 코사인 거리가 된다. 코사인 유사도는 일반적으로 0~1의 값을 가지며, 1에 가까울 수록 유사도가 높다. 따라서 코사인 유사도가 높을 수록 코사인 거리는 줄어들게 된다.","metadata":{}},{"cell_type":"code","source":"from scipy.spatial import distance \nimport pandas as pd","metadata":{"execution":{"iopub.status.busy":"2024-02-11T09:01:19.498427Z","iopub.execute_input":"2024-02-11T09:01:19.498839Z","iopub.status.idle":"2024-02-11T09:01:19.959202Z","shell.execute_reply.started":"2024-02-11T09:01:19.498801Z","shell.execute_reply":"2024-02-11T09:01:19.957897Z"},"trusted":true},"execution_count":1,"outputs":[]},{"cell_type":"code","source":"# https://www.kaggle.com/datasets/sewonghwang/starbucks-seoul?select=Starbucks_Seoul.csv\ndf = pd.read_csv(\"/kaggle/input/starbucks-seoul/Starbucks_Seoul.csv\")","metadata":{"execution":{"iopub.status.busy":"2024-02-11T09:02:30.567142Z","iopub.execute_input":"2024-02-11T09:02:30.567484Z","iopub.status.idle":"2024-02-11T09:02:30.588447Z","shell.execute_reply.started":"2024-02-11T09:02:30.567457Z","shell.execute_reply":"2024-02-11T09:02:30.587765Z"},"trusted":true},"execution_count":2,"outputs":[]},{"cell_type":"code","source":"df.tail()","metadata":{"execution":{"iopub.status.busy":"2024-02-11T09:02:34.536653Z","iopub.execute_input":"2024-02-11T09:02:34.536991Z","iopub.status.idle":"2024-02-11T09:02:34.552896Z","shell.execute_reply.started":"2024-02-11T09:02:34.536967Z","shell.execute_reply":"2024-02-11T09:02:34.552015Z"},"trusted":true},"execution_count":3,"outputs":[{"execution_count":3,"output_type":"execute_result","data":{"text/plain":"       name                                address gu_name   latitude  \\\n516   황학사거리       서울특별시 성동구 왕십리로 410 (하왕십리동, 센트라스)     성동구  37.567644   \n517    황학캐슬       서울특별시 중구 청계천로 400 (황학동) 롯데캐슬베네치아      중구  37.571240   \n518  회기역사거리                서울특별시 동대문구 이문로 37 (회기동)    동대문구  37.590784   \n519     회현역           서울특별시 중구 퇴계로 72 (회현동) 리더스뷰남산      중구  37.558981   \n520  효창공원앞역  서울특별시 용산구 백범로 313 (효창동, 용산 롯데캐슬 센터포레)     용산구  37.539305   \n\n      longitude  \n516  127.023697  \n517  127.022905  \n518  127.056098  \n519  126.980747  \n520  126.963060  ","text/html":"<div>\n<style scoped>\n    .dataframe tbody tr th:only-of-type {\n        vertical-align: middle;\n    }\n\n    .dataframe tbody tr th {\n        vertical-align: top;\n    }\n\n    .dataframe thead th {\n        text-align: right;\n    }\n</style>\n<table border=\"1\" class=\"dataframe\">\n  <thead>\n    <tr style=\"text-align: right;\">\n      <th></th>\n      <th>name</th>\n      <th>address</th>\n      <th>gu_name</th>\n      <th>latitude</th>\n      <th>longitude</th>\n    </tr>\n  </thead>\n  <tbody>\n    <tr>\n      <th>516</th>\n      <td>황학사거리</td>\n      <td>서울특별시 성동구 왕십리로 410 (하왕십리동, 센트라스)</td>\n      <td>성동구</td>\n      <td>37.567644</td>\n      <td>127.023697</td>\n    </tr>\n    <tr>\n      <th>517</th>\n      <td>황학캐슬</td>\n      <td>서울특별시 중구 청계천로 400 (황학동) 롯데캐슬베네치아</td>\n      <td>중구</td>\n      <td>37.571240</td>\n      <td>127.022905</td>\n    </tr>\n    <tr>\n      <th>518</th>\n      <td>회기역사거리</td>\n      <td>서울특별시 동대문구 이문로 37 (회기동)</td>\n      <td>동대문구</td>\n      <td>37.590784</td>\n      <td>127.056098</td>\n    </tr>\n    <tr>\n      <th>519</th>\n      <td>회현역</td>\n      <td>서울특별시 중구 퇴계로 72 (회현동) 리더스뷰남산</td>\n      <td>중구</td>\n      <td>37.558981</td>\n      <td>126.980747</td>\n    </tr>\n    <tr>\n      <th>520</th>\n      <td>효창공원앞역</td>\n      <td>서울특별시 용산구 백범로 313 (효창동, 용산 롯데캐슬 센터포레)</td>\n      <td>용산구</td>\n      <td>37.539305</td>\n      <td>126.963060</td>\n    </tr>\n  </tbody>\n</table>\n</div>"},"metadata":{}}]},{"cell_type":"code","source":"# 금천구 스타벅스만 샘플링\ndf1 = df[(df['gu_name']=='금천구')]\n\ndf1","metadata":{"execution":{"iopub.status.busy":"2024-02-11T09:02:43.987833Z","iopub.execute_input":"2024-02-11T09:02:43.988197Z","iopub.status.idle":"2024-02-11T09:02:44.010902Z","shell.execute_reply.started":"2024-02-11T09:02:43.988163Z","shell.execute_reply":"2024-02-11T09:02:44.009828Z"},"trusted":true},"execution_count":4,"outputs":[{"execution_count":4,"output_type":"execute_result","data":{"text/plain":"         name                                 address gu_name   latitude  \\\n2      W-Mall                서울특별시 금천구 디지털로 188 (가산동)     금천구  37.477305   \n7      가산그레이트  서울특별시 금천구 디지털로9길 32, 갑을그레이트밸리 1층 (가산동)     금천구  37.479449   \n8       가산디지털             서울특별시 금천구 가산디지털1로 168 (가산동)     금천구  37.479835   \n9    가산디지털단지역                 서울특별시 금천구 벚꽃로 298 (가산동)     금천구  37.481324   \n10     가산브이타워             서울특별시 금천구 가산디지털1로 128 (가산동)     금천구  37.477221   \n11     가산에스케이             서울특별시 금천구 가산디지털1로 171 (가산동)     금천구  37.480613   \n79       금천독산                  서울특별시 금천구 두산로 70 (독산동)     금천구  37.469140   \n80       금천시흥                서울특별시 금천구 시흥대로 164 (시흥동)     금천구  37.448624   \n123     독산사거리                서울특별시 금천구 시흥대로 426 (독산동)     금천구  37.471511   \n146    마리오아울렛              서울특별시 금천구 벚꽃로 266 마리오아울렛3관     금천구  37.478701   \n\n      longitude  \n2    126.887691  \n7    126.887477  \n8    126.882500  \n9    126.883779  \n10   126.883683  \n11   126.880570  \n79   126.895246  \n80   126.903183  \n123  126.898775  \n146  126.885076  ","text/html":"<div>\n<style scoped>\n    .dataframe tbody tr th:only-of-type {\n        vertical-align: middle;\n    }\n\n    .dataframe tbody tr th {\n        vertical-align: top;\n    }\n\n    .dataframe thead th {\n        text-align: right;\n    }\n</style>\n<table border=\"1\" class=\"dataframe\">\n  <thead>\n    <tr style=\"text-align: right;\">\n      <th></th>\n      <th>name</th>\n      <th>address</th>\n      <th>gu_name</th>\n      <th>latitude</th>\n      <th>longitude</th>\n    </tr>\n  </thead>\n  <tbody>\n    <tr>\n      <th>2</th>\n      <td>W-Mall</td>\n      <td>서울특별시 금천구 디지털로 188 (가산동)</td>\n      <td>금천구</td>\n      <td>37.477305</td>\n      <td>126.887691</td>\n    </tr>\n    <tr>\n      <th>7</th>\n      <td>가산그레이트</td>\n      <td>서울특별시 금천구 디지털로9길 32, 갑을그레이트밸리 1층 (가산동)</td>\n      <td>금천구</td>\n      <td>37.479449</td>\n      <td>126.887477</td>\n    </tr>\n    <tr>\n      <th>8</th>\n      <td>가산디지털</td>\n      <td>서울특별시 금천구 가산디지털1로 168 (가산동)</td>\n      <td>금천구</td>\n      <td>37.479835</td>\n      <td>126.882500</td>\n    </tr>\n    <tr>\n      <th>9</th>\n      <td>가산디지털단지역</td>\n      <td>서울특별시 금천구 벚꽃로 298 (가산동)</td>\n      <td>금천구</td>\n      <td>37.481324</td>\n      <td>126.883779</td>\n    </tr>\n    <tr>\n      <th>10</th>\n      <td>가산브이타워</td>\n      <td>서울특별시 금천구 가산디지털1로 128 (가산동)</td>\n      <td>금천구</td>\n      <td>37.477221</td>\n      <td>126.883683</td>\n    </tr>\n    <tr>\n      <th>11</th>\n      <td>가산에스케이</td>\n      <td>서울특별시 금천구 가산디지털1로 171 (가산동)</td>\n      <td>금천구</td>\n      <td>37.480613</td>\n      <td>126.880570</td>\n    </tr>\n    <tr>\n      <th>79</th>\n      <td>금천독산</td>\n      <td>서울특별시 금천구 두산로 70 (독산동)</td>\n      <td>금천구</td>\n      <td>37.469140</td>\n      <td>126.895246</td>\n    </tr>\n    <tr>\n      <th>80</th>\n      <td>금천시흥</td>\n      <td>서울특별시 금천구 시흥대로 164 (시흥동)</td>\n      <td>금천구</td>\n      <td>37.448624</td>\n      <td>126.903183</td>\n    </tr>\n    <tr>\n      <th>123</th>\n      <td>독산사거리</td>\n      <td>서울특별시 금천구 시흥대로 426 (독산동)</td>\n      <td>금천구</td>\n      <td>37.471511</td>\n      <td>126.898775</td>\n    </tr>\n    <tr>\n      <th>146</th>\n      <td>마리오아울렛</td>\n      <td>서울특별시 금천구 벚꽃로 266 마리오아울렛3관</td>\n      <td>금천구</td>\n      <td>37.478701</td>\n      <td>126.885076</td>\n    </tr>\n  </tbody>\n</table>\n</div>"},"metadata":{}}]},{"cell_type":"code","source":"# Euclidean distance\n\ndist_euclidean = distance.cdist(df1[['latitude','longitude']], \n                                df1[['latitude','longitude']], metric='euclidean') \n\n# 컬럼명, 인덱스 설정\ndist_euclidean = pd.DataFrame(data=dist_euclidean, columns=df1['name'])\ndist_euclidean.set_index(df1['name'],inplace=True)\n\ndist_euclidean","metadata":{"execution":{"iopub.status.busy":"2024-02-11T09:02:51.258970Z","iopub.execute_input":"2024-02-11T09:02:51.259353Z","iopub.status.idle":"2024-02-11T09:02:51.282658Z","shell.execute_reply.started":"2024-02-11T09:02:51.259312Z","shell.execute_reply":"2024-02-11T09:02:51.281397Z"},"trusted":true},"execution_count":5,"outputs":[{"execution_count":5,"output_type":"execute_result","data":{"text/plain":"name        W-Mall    가산그레이트     가산디지털  가산디지털단지역    가산브이타워    가산에스케이  \\\nname                                                                   \nW-Mall    0.000000  0.002155  0.005775  0.005608  0.004009  0.007852   \n가산그레이트    0.002155  0.000000  0.004992  0.004146  0.004400  0.007004   \n가산디지털     0.005775  0.004992  0.000000  0.001963  0.002869  0.002081   \n가산디지털단지역  0.005608  0.004146  0.001963  0.000000  0.004104  0.003287   \n가산브이타워    0.004009  0.004400  0.002869  0.004104  0.000000  0.004604   \n가산에스케이    0.007852  0.007004  0.002081  0.003287  0.004604  0.000000   \n금천독산      0.011124  0.012909  0.016639  0.016731  0.014107  0.018628   \n금천시흥      0.032598  0.034596  0.037442  0.038024  0.034613  0.039175   \n독산사거리     0.012507  0.013808  0.018280  0.017921  0.016136  0.020353   \n마리오아울렛    0.002964  0.002515  0.002815  0.002926  0.002032  0.004895   \n\nname          금천독산      금천시흥     독산사거리    마리오아울렛  \nname                                              \nW-Mall    0.011124  0.032598  0.012507  0.002964  \n가산그레이트    0.012909  0.034596  0.013808  0.002515  \n가산디지털     0.016639  0.037442  0.018280  0.002815  \n가산디지털단지역  0.016731  0.038024  0.017921  0.002926  \n가산브이타워    0.014107  0.034613  0.016136  0.002032  \n가산에스케이    0.018628  0.039175  0.020353  0.004895  \n금천독산      0.000000  0.021998  0.004252  0.013959  \n금천시흥      0.021998  0.000000  0.023308  0.035107  \n독산사거리     0.004252  0.023308  0.000000  0.015471  \n마리오아울렛    0.013959  0.035107  0.015471  0.000000  ","text/html":"<div>\n<style scoped>\n    .dataframe tbody tr th:only-of-type {\n        vertical-align: middle;\n    }\n\n    .dataframe tbody tr th {\n        vertical-align: top;\n    }\n\n    .dataframe thead th {\n        text-align: right;\n    }\n</style>\n<table border=\"1\" class=\"dataframe\">\n  <thead>\n    <tr style=\"text-align: right;\">\n      <th>name</th>\n      <th>W-Mall</th>\n      <th>가산그레이트</th>\n      <th>가산디지털</th>\n      <th>가산디지털단지역</th>\n      <th>가산브이타워</th>\n      <th>가산에스케이</th>\n      <th>금천독산</th>\n      <th>금천시흥</th>\n      <th>독산사거리</th>\n      <th>마리오아울렛</th>\n    </tr>\n    <tr>\n      <th>name</th>\n      <th></th>\n      <th></th>\n      <th></th>\n      <th></th>\n      <th></th>\n      <th></th>\n      <th></th>\n      <th></th>\n      <th></th>\n      <th></th>\n    </tr>\n  </thead>\n  <tbody>\n    <tr>\n      <th>W-Mall</th>\n      <td>0.000000</td>\n      <td>0.002155</td>\n      <td>0.005775</td>\n      <td>0.005608</td>\n      <td>0.004009</td>\n      <td>0.007852</td>\n      <td>0.011124</td>\n      <td>0.032598</td>\n      <td>0.012507</td>\n      <td>0.002964</td>\n    </tr>\n    <tr>\n      <th>가산그레이트</th>\n      <td>0.002155</td>\n      <td>0.000000</td>\n      <td>0.004992</td>\n      <td>0.004146</td>\n      <td>0.004400</td>\n      <td>0.007004</td>\n      <td>0.012909</td>\n      <td>0.034596</td>\n      <td>0.013808</td>\n      <td>0.002515</td>\n    </tr>\n    <tr>\n      <th>가산디지털</th>\n      <td>0.005775</td>\n      <td>0.004992</td>\n      <td>0.000000</td>\n      <td>0.001963</td>\n      <td>0.002869</td>\n      <td>0.002081</td>\n      <td>0.016639</td>\n      <td>0.037442</td>\n      <td>0.018280</td>\n      <td>0.002815</td>\n    </tr>\n    <tr>\n      <th>가산디지털단지역</th>\n      <td>0.005608</td>\n      <td>0.004146</td>\n      <td>0.001963</td>\n      <td>0.000000</td>\n      <td>0.004104</td>\n      <td>0.003287</td>\n      <td>0.016731</td>\n      <td>0.038024</td>\n      <td>0.017921</td>\n      <td>0.002926</td>\n    </tr>\n    <tr>\n      <th>가산브이타워</th>\n      <td>0.004009</td>\n      <td>0.004400</td>\n      <td>0.002869</td>\n      <td>0.004104</td>\n      <td>0.000000</td>\n      <td>0.004604</td>\n      <td>0.014107</td>\n      <td>0.034613</td>\n      <td>0.016136</td>\n      <td>0.002032</td>\n    </tr>\n    <tr>\n      <th>가산에스케이</th>\n      <td>0.007852</td>\n      <td>0.007004</td>\n      <td>0.002081</td>\n      <td>0.003287</td>\n      <td>0.004604</td>\n      <td>0.000000</td>\n      <td>0.018628</td>\n      <td>0.039175</td>\n      <td>0.020353</td>\n      <td>0.004895</td>\n    </tr>\n    <tr>\n      <th>금천독산</th>\n      <td>0.011124</td>\n      <td>0.012909</td>\n      <td>0.016639</td>\n      <td>0.016731</td>\n      <td>0.014107</td>\n      <td>0.018628</td>\n      <td>0.000000</td>\n      <td>0.021998</td>\n      <td>0.004252</td>\n      <td>0.013959</td>\n    </tr>\n    <tr>\n      <th>금천시흥</th>\n      <td>0.032598</td>\n      <td>0.034596</td>\n      <td>0.037442</td>\n      <td>0.038024</td>\n      <td>0.034613</td>\n      <td>0.039175</td>\n      <td>0.021998</td>\n      <td>0.000000</td>\n      <td>0.023308</td>\n      <td>0.035107</td>\n    </tr>\n    <tr>\n      <th>독산사거리</th>\n      <td>0.012507</td>\n      <td>0.013808</td>\n      <td>0.018280</td>\n      <td>0.017921</td>\n      <td>0.016136</td>\n      <td>0.020353</td>\n      <td>0.004252</td>\n      <td>0.023308</td>\n      <td>0.000000</td>\n      <td>0.015471</td>\n    </tr>\n    <tr>\n      <th>마리오아울렛</th>\n      <td>0.002964</td>\n      <td>0.002515</td>\n      <td>0.002815</td>\n      <td>0.002926</td>\n      <td>0.002032</td>\n      <td>0.004895</td>\n      <td>0.013959</td>\n      <td>0.035107</td>\n      <td>0.015471</td>\n      <td>0.000000</td>\n    </tr>\n  </tbody>\n</table>\n</div>"},"metadata":{}}]},{"cell_type":"code","source":"# Manhattan distance\n\ndist_manhattan = distance.cdist(df1[['latitude','longitude']], \n                                df1[['latitude','longitude']], metric='cityblock') \n\n# 컬럼명, 인덱스 설정\ndist_manhattan = pd.DataFrame(data=dist_manhattan, columns=df1['name'])\ndist_manhattan.set_index(df1['name'],inplace=True)\n\ndist_manhattan","metadata":{"execution":{"iopub.status.busy":"2024-02-11T09:03:00.245744Z","iopub.execute_input":"2024-02-11T09:03:00.246105Z","iopub.status.idle":"2024-02-11T09:03:00.266204Z","shell.execute_reply.started":"2024-02-11T09:03:00.246079Z","shell.execute_reply":"2024-02-11T09:03:00.264799Z"},"trusted":true},"execution_count":7,"outputs":[{"execution_count":7,"output_type":"execute_result","data":{"text/plain":"name        W-Mall    가산그레이트     가산디지털  가산디지털단지역    가산브이타워    가산에스케이  \\\nname                                                                   \nW-Mall    0.000000  0.002358  0.007721  0.007931  0.004092  0.010429   \n가산그레이트    0.002358  0.000000  0.005363  0.005573  0.006022  0.008071   \n가산디지털     0.007721  0.005363  0.000000  0.002769  0.003797  0.002708   \n가산디지털단지역  0.007931  0.005573  0.002769  0.000000  0.004199  0.003920   \n가산브이타워    0.004092  0.006022  0.003797  0.004199  0.000000  0.006505   \n가산에스케이    0.010429  0.008071  0.002708  0.003920  0.006505  0.000000   \n금천독산      0.015720  0.018078  0.023441  0.023651  0.019644  0.026149   \n금천시흥      0.044173  0.046531  0.051894  0.052104  0.048097  0.054602   \n독산사거리     0.016878  0.019236  0.024599  0.024809  0.020802  0.027307   \n마리오아울렛    0.004011  0.003149  0.003710  0.003920  0.002873  0.006418   \n\nname          금천독산      금천시흥     독산사거리    마리오아울렛  \nname                                              \nW-Mall    0.015720  0.044173  0.016878  0.004011  \n가산그레이트    0.018078  0.046531  0.019236  0.003149  \n가산디지털     0.023441  0.051894  0.024599  0.003710  \n가산디지털단지역  0.023651  0.052104  0.024809  0.003920  \n가산브이타워    0.019644  0.048097  0.020802  0.002873  \n가산에스케이    0.026149  0.054602  0.027307  0.006418  \n금천독산      0.000000  0.028453  0.005900  0.019731  \n금천시흥      0.028453  0.000000  0.027295  0.048184  \n독산사거리     0.005900  0.027295  0.000000  0.020889  \n마리오아울렛    0.019731  0.048184  0.020889  0.000000  ","text/html":"<div>\n<style scoped>\n    .dataframe tbody tr th:only-of-type {\n        vertical-align: middle;\n    }\n\n    .dataframe tbody tr th {\n        vertical-align: top;\n    }\n\n    .dataframe thead th {\n        text-align: right;\n    }\n</style>\n<table border=\"1\" class=\"dataframe\">\n  <thead>\n    <tr style=\"text-align: right;\">\n      <th>name</th>\n      <th>W-Mall</th>\n      <th>가산그레이트</th>\n      <th>가산디지털</th>\n      <th>가산디지털단지역</th>\n      <th>가산브이타워</th>\n      <th>가산에스케이</th>\n      <th>금천독산</th>\n      <th>금천시흥</th>\n      <th>독산사거리</th>\n      <th>마리오아울렛</th>\n    </tr>\n    <tr>\n      <th>name</th>\n      <th></th>\n      <th></th>\n      <th></th>\n      <th></th>\n      <th></th>\n      <th></th>\n      <th></th>\n      <th></th>\n      <th></th>\n      <th></th>\n    </tr>\n  </thead>\n  <tbody>\n    <tr>\n      <th>W-Mall</th>\n      <td>0.000000</td>\n      <td>0.002358</td>\n      <td>0.007721</td>\n      <td>0.007931</td>\n      <td>0.004092</td>\n      <td>0.010429</td>\n      <td>0.015720</td>\n      <td>0.044173</td>\n      <td>0.016878</td>\n      <td>0.004011</td>\n    </tr>\n    <tr>\n      <th>가산그레이트</th>\n      <td>0.002358</td>\n      <td>0.000000</td>\n      <td>0.005363</td>\n      <td>0.005573</td>\n      <td>0.006022</td>\n      <td>0.008071</td>\n      <td>0.018078</td>\n      <td>0.046531</td>\n      <td>0.019236</td>\n      <td>0.003149</td>\n    </tr>\n    <tr>\n      <th>가산디지털</th>\n      <td>0.007721</td>\n      <td>0.005363</td>\n      <td>0.000000</td>\n      <td>0.002769</td>\n      <td>0.003797</td>\n      <td>0.002708</td>\n      <td>0.023441</td>\n      <td>0.051894</td>\n      <td>0.024599</td>\n      <td>0.003710</td>\n    </tr>\n    <tr>\n      <th>가산디지털단지역</th>\n      <td>0.007931</td>\n      <td>0.005573</td>\n      <td>0.002769</td>\n      <td>0.000000</td>\n      <td>0.004199</td>\n      <td>0.003920</td>\n      <td>0.023651</td>\n      <td>0.052104</td>\n      <td>0.024809</td>\n      <td>0.003920</td>\n    </tr>\n    <tr>\n      <th>가산브이타워</th>\n      <td>0.004092</td>\n      <td>0.006022</td>\n      <td>0.003797</td>\n      <td>0.004199</td>\n      <td>0.000000</td>\n      <td>0.006505</td>\n      <td>0.019644</td>\n      <td>0.048097</td>\n      <td>0.020802</td>\n      <td>0.002873</td>\n    </tr>\n    <tr>\n      <th>가산에스케이</th>\n      <td>0.010429</td>\n      <td>0.008071</td>\n      <td>0.002708</td>\n      <td>0.003920</td>\n      <td>0.006505</td>\n      <td>0.000000</td>\n      <td>0.026149</td>\n      <td>0.054602</td>\n      <td>0.027307</td>\n      <td>0.006418</td>\n    </tr>\n    <tr>\n      <th>금천독산</th>\n      <td>0.015720</td>\n      <td>0.018078</td>\n      <td>0.023441</td>\n      <td>0.023651</td>\n      <td>0.019644</td>\n      <td>0.026149</td>\n      <td>0.000000</td>\n      <td>0.028453</td>\n      <td>0.005900</td>\n      <td>0.019731</td>\n    </tr>\n    <tr>\n      <th>금천시흥</th>\n      <td>0.044173</td>\n      <td>0.046531</td>\n      <td>0.051894</td>\n      <td>0.052104</td>\n      <td>0.048097</td>\n      <td>0.054602</td>\n      <td>0.028453</td>\n      <td>0.000000</td>\n      <td>0.027295</td>\n      <td>0.048184</td>\n    </tr>\n    <tr>\n      <th>독산사거리</th>\n      <td>0.016878</td>\n      <td>0.019236</td>\n      <td>0.024599</td>\n      <td>0.024809</td>\n      <td>0.020802</td>\n      <td>0.027307</td>\n      <td>0.005900</td>\n      <td>0.027295</td>\n      <td>0.000000</td>\n      <td>0.020889</td>\n    </tr>\n    <tr>\n      <th>마리오아울렛</th>\n      <td>0.004011</td>\n      <td>0.003149</td>\n      <td>0.003710</td>\n      <td>0.003920</td>\n      <td>0.002873</td>\n      <td>0.006418</td>\n      <td>0.019731</td>\n      <td>0.048184</td>\n      <td>0.020889</td>\n      <td>0.000000</td>\n    </tr>\n  </tbody>\n</table>\n</div>"},"metadata":{}}]},{"cell_type":"code","source":"# Minkowski distance\n\ndist_minkowski = distance.cdist(df1[['latitude','longitude']], \n                                df1[['latitude','longitude']],  metric='minkowski', p=1.5) \n\n# 컬럼명, 인덱스 설정\ndist_minkowski = pd.DataFrame(data=dist_minkowski, columns=df1['name'])\ndist_minkowski.set_index(df1['name'],inplace=True)\n\ndist_minkowski","metadata":{"execution":{"iopub.status.busy":"2024-02-11T09:03:04.978780Z","iopub.execute_input":"2024-02-11T09:03:04.979091Z","iopub.status.idle":"2024-02-11T09:03:04.998832Z","shell.execute_reply.started":"2024-02-11T09:03:04.979069Z","shell.execute_reply":"2024-02-11T09:03:04.996969Z"},"trusted":true},"execution_count":8,"outputs":[{"execution_count":8,"output_type":"execute_result","data":{"text/plain":"name        W-Mall    가산그레이트     가산디지털  가산디지털단지역    가산브이타워    가산에스케이  \\\nname                                                                   \nW-Mall    0.000000  0.002189  0.006310  0.006295  0.004016  0.008554   \n가산그레이트    0.002189  0.000000  0.005048  0.004541  0.004860  0.007222   \n가산디지털     0.006310  0.005048  0.000000  0.002201  0.003121  0.002247   \n가산디지털단지역  0.006295  0.004541  0.002201  0.000000  0.004113  0.003428   \n가산브이타워    0.004016  0.004860  0.003121  0.004113  0.000000  0.005165   \n가산에스케이    0.008554  0.007222  0.002247  0.003428  0.005165  0.000000   \n금천독산      0.012482  0.014420  0.018641  0.018776  0.015714  0.020832   \n금천시흥      0.035842  0.037907  0.041612  0.042028  0.038516  0.043657   \n독산사거리     0.013725  0.015384  0.020034  0.019906  0.017351  0.022276   \n마리오아울렛    0.003257  0.002672  0.003056  0.003200  0.002281  0.005302   \n\nname          금천독산      금천시흥     독산사거리    마리오아울렛  \nname                                              \nW-Mall    0.012482  0.035842  0.013725  0.003257  \n가산그레이트    0.014420  0.037907  0.015384  0.002672  \n가산디지털     0.018641  0.041612  0.020034  0.003056  \n가산디지털단지역  0.018776  0.042028  0.019906  0.003200  \n가산브이타워    0.015714  0.038516  0.017351  0.002281  \n가산에스케이    0.020832  0.043657  0.022276  0.005302  \n금천독산      0.000000  0.023688  0.004728  0.015664  \n금천시흥      0.023688  0.000000  0.024159  0.038834  \n독산사거리     0.004728  0.024159  0.000000  0.016982  \n마리오아울렛    0.015664  0.038834  0.016982  0.000000  ","text/html":"<div>\n<style scoped>\n    .dataframe tbody tr th:only-of-type {\n        vertical-align: middle;\n    }\n\n    .dataframe tbody tr th {\n        vertical-align: top;\n    }\n\n    .dataframe thead th {\n        text-align: right;\n    }\n</style>\n<table border=\"1\" class=\"dataframe\">\n  <thead>\n    <tr style=\"text-align: right;\">\n      <th>name</th>\n      <th>W-Mall</th>\n      <th>가산그레이트</th>\n      <th>가산디지털</th>\n      <th>가산디지털단지역</th>\n      <th>가산브이타워</th>\n      <th>가산에스케이</th>\n      <th>금천독산</th>\n      <th>금천시흥</th>\n      <th>독산사거리</th>\n      <th>마리오아울렛</th>\n    </tr>\n    <tr>\n      <th>name</th>\n      <th></th>\n      <th></th>\n      <th></th>\n      <th></th>\n      <th></th>\n      <th></th>\n      <th></th>\n      <th></th>\n      <th></th>\n      <th></th>\n    </tr>\n  </thead>\n  <tbody>\n    <tr>\n      <th>W-Mall</th>\n      <td>0.000000</td>\n      <td>0.002189</td>\n      <td>0.006310</td>\n      <td>0.006295</td>\n      <td>0.004016</td>\n      <td>0.008554</td>\n      <td>0.012482</td>\n      <td>0.035842</td>\n      <td>0.013725</td>\n      <td>0.003257</td>\n    </tr>\n    <tr>\n      <th>가산그레이트</th>\n      <td>0.002189</td>\n      <td>0.000000</td>\n      <td>0.005048</td>\n      <td>0.004541</td>\n      <td>0.004860</td>\n      <td>0.007222</td>\n      <td>0.014420</td>\n      <td>0.037907</td>\n      <td>0.015384</td>\n      <td>0.002672</td>\n    </tr>\n    <tr>\n      <th>가산디지털</th>\n      <td>0.006310</td>\n      <td>0.005048</td>\n      <td>0.000000</td>\n      <td>0.002201</td>\n      <td>0.003121</td>\n      <td>0.002247</td>\n      <td>0.018641</td>\n      <td>0.041612</td>\n      <td>0.020034</td>\n      <td>0.003056</td>\n    </tr>\n    <tr>\n      <th>가산디지털단지역</th>\n      <td>0.006295</td>\n      <td>0.004541</td>\n      <td>0.002201</td>\n      <td>0.000000</td>\n      <td>0.004113</td>\n      <td>0.003428</td>\n      <td>0.018776</td>\n      <td>0.042028</td>\n      <td>0.019906</td>\n      <td>0.003200</td>\n    </tr>\n    <tr>\n      <th>가산브이타워</th>\n      <td>0.004016</td>\n      <td>0.004860</td>\n      <td>0.003121</td>\n      <td>0.004113</td>\n      <td>0.000000</td>\n      <td>0.005165</td>\n      <td>0.015714</td>\n      <td>0.038516</td>\n      <td>0.017351</td>\n      <td>0.002281</td>\n    </tr>\n    <tr>\n      <th>가산에스케이</th>\n      <td>0.008554</td>\n      <td>0.007222</td>\n      <td>0.002247</td>\n      <td>0.003428</td>\n      <td>0.005165</td>\n      <td>0.000000</td>\n      <td>0.020832</td>\n      <td>0.043657</td>\n      <td>0.022276</td>\n      <td>0.005302</td>\n    </tr>\n    <tr>\n      <th>금천독산</th>\n      <td>0.012482</td>\n      <td>0.014420</td>\n      <td>0.018641</td>\n      <td>0.018776</td>\n      <td>0.015714</td>\n      <td>0.020832</td>\n      <td>0.000000</td>\n      <td>0.023688</td>\n      <td>0.004728</td>\n      <td>0.015664</td>\n    </tr>\n    <tr>\n      <th>금천시흥</th>\n      <td>0.035842</td>\n      <td>0.037907</td>\n      <td>0.041612</td>\n      <td>0.042028</td>\n      <td>0.038516</td>\n      <td>0.043657</td>\n      <td>0.023688</td>\n      <td>0.000000</td>\n      <td>0.024159</td>\n      <td>0.038834</td>\n    </tr>\n    <tr>\n      <th>독산사거리</th>\n      <td>0.013725</td>\n      <td>0.015384</td>\n      <td>0.020034</td>\n      <td>0.019906</td>\n      <td>0.017351</td>\n      <td>0.022276</td>\n      <td>0.004728</td>\n      <td>0.024159</td>\n      <td>0.000000</td>\n      <td>0.016982</td>\n    </tr>\n    <tr>\n      <th>마리오아울렛</th>\n      <td>0.003257</td>\n      <td>0.002672</td>\n      <td>0.003056</td>\n      <td>0.003200</td>\n      <td>0.002281</td>\n      <td>0.005302</td>\n      <td>0.015664</td>\n      <td>0.038834</td>\n      <td>0.016982</td>\n      <td>0.000000</td>\n    </tr>\n  </tbody>\n</table>\n</div>"},"metadata":{}}]},{"cell_type":"code","source":"# Chebyshev distance\n\ndist_chebyshev = distance.cdist(df1[['latitude','longitude']], \n                                df1[['latitude','longitude']],  metric='chebyshev') \n\n# 컬럼명, 인덱스 설정\ndist_chebyshev = pd.DataFrame(data=dist_chebyshev, columns=df1['name'])\ndist_chebyshev.set_index(df1['name'],inplace=True)\n\ndist_chebyshev","metadata":{"execution":{"iopub.status.busy":"2024-02-11T09:03:11.489291Z","iopub.execute_input":"2024-02-11T09:03:11.489642Z","iopub.status.idle":"2024-02-11T09:03:11.508602Z","shell.execute_reply.started":"2024-02-11T09:03:11.489617Z","shell.execute_reply":"2024-02-11T09:03:11.507391Z"},"trusted":true},"execution_count":9,"outputs":[{"execution_count":9,"output_type":"execute_result","data":{"text/plain":"name        W-Mall    가산그레이트     가산디지털  가산디지털단지역    가산브이타워    가산에스케이  \\\nname                                                                   \nW-Mall    0.000000  0.002144  0.005191  0.004019  0.004008  0.007121   \n가산그레이트    0.002144  0.000000  0.004977  0.003698  0.003794  0.006907   \n가산디지털     0.005191  0.004977  0.000000  0.001489  0.002614  0.001930   \n가산디지털단지역  0.004019  0.003698  0.001489  0.000000  0.004103  0.003209   \n가산브이타워    0.004008  0.003794  0.002614  0.004103  0.000000  0.003392   \n가산에스케이    0.007121  0.006907  0.001930  0.003209  0.003392  0.000000   \n금천독산      0.008165  0.010309  0.012746  0.012184  0.011563  0.014676   \n금천시흥      0.028681  0.030825  0.031211  0.032700  0.028597  0.031989   \n독산사거리     0.011084  0.011298  0.016275  0.014996  0.015092  0.018205   \n마리오아울렛    0.002615  0.002401  0.002576  0.002623  0.001480  0.004506   \n\nname          금천독산      금천시흥     독산사거리    마리오아울렛  \nname                                              \nW-Mall    0.008165  0.028681  0.011084  0.002615  \n가산그레이트    0.010309  0.030825  0.011298  0.002401  \n가산디지털     0.012746  0.031211  0.016275  0.002576  \n가산디지털단지역  0.012184  0.032700  0.014996  0.002623  \n가산브이타워    0.011563  0.028597  0.015092  0.001480  \n가산에스케이    0.014676  0.031989  0.018205  0.004506  \n금천독산      0.000000  0.020516  0.003529  0.010170  \n금천시흥      0.020516  0.000000  0.022887  0.030077  \n독산사거리     0.003529  0.022887  0.000000  0.013699  \n마리오아울렛    0.010170  0.030077  0.013699  0.000000  ","text/html":"<div>\n<style scoped>\n    .dataframe tbody tr th:only-of-type {\n        vertical-align: middle;\n    }\n\n    .dataframe tbody tr th {\n        vertical-align: top;\n    }\n\n    .dataframe thead th {\n        text-align: right;\n    }\n</style>\n<table border=\"1\" class=\"dataframe\">\n  <thead>\n    <tr style=\"text-align: right;\">\n      <th>name</th>\n      <th>W-Mall</th>\n      <th>가산그레이트</th>\n      <th>가산디지털</th>\n      <th>가산디지털단지역</th>\n      <th>가산브이타워</th>\n      <th>가산에스케이</th>\n      <th>금천독산</th>\n      <th>금천시흥</th>\n      <th>독산사거리</th>\n      <th>마리오아울렛</th>\n    </tr>\n    <tr>\n      <th>name</th>\n      <th></th>\n      <th></th>\n      <th></th>\n      <th></th>\n      <th></th>\n      <th></th>\n      <th></th>\n      <th></th>\n      <th></th>\n      <th></th>\n    </tr>\n  </thead>\n  <tbody>\n    <tr>\n      <th>W-Mall</th>\n      <td>0.000000</td>\n      <td>0.002144</td>\n      <td>0.005191</td>\n      <td>0.004019</td>\n      <td>0.004008</td>\n      <td>0.007121</td>\n      <td>0.008165</td>\n      <td>0.028681</td>\n      <td>0.011084</td>\n      <td>0.002615</td>\n    </tr>\n    <tr>\n      <th>가산그레이트</th>\n      <td>0.002144</td>\n      <td>0.000000</td>\n      <td>0.004977</td>\n      <td>0.003698</td>\n      <td>0.003794</td>\n      <td>0.006907</td>\n      <td>0.010309</td>\n      <td>0.030825</td>\n      <td>0.011298</td>\n      <td>0.002401</td>\n    </tr>\n    <tr>\n      <th>가산디지털</th>\n      <td>0.005191</td>\n      <td>0.004977</td>\n      <td>0.000000</td>\n      <td>0.001489</td>\n      <td>0.002614</td>\n      <td>0.001930</td>\n      <td>0.012746</td>\n      <td>0.031211</td>\n      <td>0.016275</td>\n      <td>0.002576</td>\n    </tr>\n    <tr>\n      <th>가산디지털단지역</th>\n      <td>0.004019</td>\n      <td>0.003698</td>\n      <td>0.001489</td>\n      <td>0.000000</td>\n      <td>0.004103</td>\n      <td>0.003209</td>\n      <td>0.012184</td>\n      <td>0.032700</td>\n      <td>0.014996</td>\n      <td>0.002623</td>\n    </tr>\n    <tr>\n      <th>가산브이타워</th>\n      <td>0.004008</td>\n      <td>0.003794</td>\n      <td>0.002614</td>\n      <td>0.004103</td>\n      <td>0.000000</td>\n      <td>0.003392</td>\n      <td>0.011563</td>\n      <td>0.028597</td>\n      <td>0.015092</td>\n      <td>0.001480</td>\n    </tr>\n    <tr>\n      <th>가산에스케이</th>\n      <td>0.007121</td>\n      <td>0.006907</td>\n      <td>0.001930</td>\n      <td>0.003209</td>\n      <td>0.003392</td>\n      <td>0.000000</td>\n      <td>0.014676</td>\n      <td>0.031989</td>\n      <td>0.018205</td>\n      <td>0.004506</td>\n    </tr>\n    <tr>\n      <th>금천독산</th>\n      <td>0.008165</td>\n      <td>0.010309</td>\n      <td>0.012746</td>\n      <td>0.012184</td>\n      <td>0.011563</td>\n      <td>0.014676</td>\n      <td>0.000000</td>\n      <td>0.020516</td>\n      <td>0.003529</td>\n      <td>0.010170</td>\n    </tr>\n    <tr>\n      <th>금천시흥</th>\n      <td>0.028681</td>\n      <td>0.030825</td>\n      <td>0.031211</td>\n      <td>0.032700</td>\n      <td>0.028597</td>\n      <td>0.031989</td>\n      <td>0.020516</td>\n      <td>0.000000</td>\n      <td>0.022887</td>\n      <td>0.030077</td>\n    </tr>\n    <tr>\n      <th>독산사거리</th>\n      <td>0.011084</td>\n      <td>0.011298</td>\n      <td>0.016275</td>\n      <td>0.014996</td>\n      <td>0.015092</td>\n      <td>0.018205</td>\n      <td>0.003529</td>\n      <td>0.022887</td>\n      <td>0.000000</td>\n      <td>0.013699</td>\n    </tr>\n    <tr>\n      <th>마리오아울렛</th>\n      <td>0.002615</td>\n      <td>0.002401</td>\n      <td>0.002576</td>\n      <td>0.002623</td>\n      <td>0.001480</td>\n      <td>0.004506</td>\n      <td>0.010170</td>\n      <td>0.030077</td>\n      <td>0.013699</td>\n      <td>0.000000</td>\n    </tr>\n  </tbody>\n</table>\n</div>"},"metadata":{}}]},{"cell_type":"code","source":"# Mahalanobis distance\n\ndist_mahalanobis = distance.cdist(df1[['latitude','longitude']], \n                                  df1[['latitude','longitude']],  metric='mahalanobis') \n\n# 컬럼명, 인덱스 설정\ndist_mahalanobis = pd.DataFrame(data=dist_mahalanobis, columns=df1['name'])\ndist_mahalanobis.set_index(df1['name'],inplace=True)\n\ndist_mahalanobis","metadata":{"execution":{"iopub.status.busy":"2024-02-11T09:03:15.399404Z","iopub.execute_input":"2024-02-11T09:03:15.400869Z","iopub.status.idle":"2024-02-11T09:03:15.425940Z","shell.execute_reply.started":"2024-02-11T09:03:15.400810Z","shell.execute_reply":"2024-02-11T09:03:15.424973Z"},"trusted":true},"execution_count":10,"outputs":[{"execution_count":10,"output_type":"execute_result","data":{"text/plain":"name        W-Mall    가산그레이트     가산디지털  가산디지털단지역    가산브이타워    가산에스케이  \\\nname                                                                   \nW-Mall    0.000000  0.412222  1.008327  0.534635  1.137676  1.408515   \n가산그레이트    0.412222  0.000000  1.320538  0.706980  1.502236  1.716643   \n가산디지털     1.008327  1.320538  0.000000  0.658912  0.317804  0.400714   \n가산디지털단지역  0.534635  0.706980  0.658912  0.000000  0.911016  1.035496   \n가산브이타워    1.137676  1.502236  0.317804  0.911016  0.000000  0.420369   \n가산에스케이    1.408515  1.716643  0.400714  1.035496  0.420369  0.000000   \n금천독산      1.021456  1.095370  1.900196  1.554849  1.900563  2.271659   \n금천시흥      3.181956  3.520033  3.251106  3.489268  2.976769  3.340112   \n독산사거리     2.092650  1.851829  3.100708  2.550268  3.197236  3.500299   \n마리오아울렛    0.489261  0.817487  0.519729  0.304243  0.687926  0.920369   \n\nname          금천독산      금천시흥     독산사거리    마리오아울렛  \nname                                              \nW-Mall    1.021456  3.181956  2.092650  0.489261  \n가산그레이트    1.095370  3.520033  1.851829  0.817487  \n가산디지털     1.900196  3.251106  3.100708  0.519729  \n가산디지털단지역  1.554849  3.489268  2.550268  0.304243  \n가산브이타워    1.900563  2.976769  3.197236  0.687926  \n가산에스케이    2.271659  3.340112  3.500299  0.920369  \n금천독산      0.000000  2.709650  1.458239  1.434991  \n금천시흥      2.709650  0.000000  3.913709  3.194173  \n독산사거리     1.458239  3.913709  0.000000  2.581894  \n마리오아울렛    1.434991  3.194173  2.581894  0.000000  ","text/html":"<div>\n<style scoped>\n    .dataframe tbody tr th:only-of-type {\n        vertical-align: middle;\n    }\n\n    .dataframe tbody tr th {\n        vertical-align: top;\n    }\n\n    .dataframe thead th {\n        text-align: right;\n    }\n</style>\n<table border=\"1\" class=\"dataframe\">\n  <thead>\n    <tr style=\"text-align: right;\">\n      <th>name</th>\n      <th>W-Mall</th>\n      <th>가산그레이트</th>\n      <th>가산디지털</th>\n      <th>가산디지털단지역</th>\n      <th>가산브이타워</th>\n      <th>가산에스케이</th>\n      <th>금천독산</th>\n      <th>금천시흥</th>\n      <th>독산사거리</th>\n      <th>마리오아울렛</th>\n    </tr>\n    <tr>\n      <th>name</th>\n      <th></th>\n      <th></th>\n      <th></th>\n      <th></th>\n      <th></th>\n      <th></th>\n      <th></th>\n      <th></th>\n      <th></th>\n      <th></th>\n    </tr>\n  </thead>\n  <tbody>\n    <tr>\n      <th>W-Mall</th>\n      <td>0.000000</td>\n      <td>0.412222</td>\n      <td>1.008327</td>\n      <td>0.534635</td>\n      <td>1.137676</td>\n      <td>1.408515</td>\n      <td>1.021456</td>\n      <td>3.181956</td>\n      <td>2.092650</td>\n      <td>0.489261</td>\n    </tr>\n    <tr>\n      <th>가산그레이트</th>\n      <td>0.412222</td>\n      <td>0.000000</td>\n      <td>1.320538</td>\n      <td>0.706980</td>\n      <td>1.502236</td>\n      <td>1.716643</td>\n      <td>1.095370</td>\n      <td>3.520033</td>\n      <td>1.851829</td>\n      <td>0.817487</td>\n    </tr>\n    <tr>\n      <th>가산디지털</th>\n      <td>1.008327</td>\n      <td>1.320538</td>\n      <td>0.000000</td>\n      <td>0.658912</td>\n      <td>0.317804</td>\n      <td>0.400714</td>\n      <td>1.900196</td>\n      <td>3.251106</td>\n      <td>3.100708</td>\n      <td>0.519729</td>\n    </tr>\n    <tr>\n      <th>가산디지털단지역</th>\n      <td>0.534635</td>\n      <td>0.706980</td>\n      <td>0.658912</td>\n      <td>0.000000</td>\n      <td>0.911016</td>\n      <td>1.035496</td>\n      <td>1.554849</td>\n      <td>3.489268</td>\n      <td>2.550268</td>\n      <td>0.304243</td>\n    </tr>\n    <tr>\n      <th>가산브이타워</th>\n      <td>1.137676</td>\n      <td>1.502236</td>\n      <td>0.317804</td>\n      <td>0.911016</td>\n      <td>0.000000</td>\n      <td>0.420369</td>\n      <td>1.900563</td>\n      <td>2.976769</td>\n      <td>3.197236</td>\n      <td>0.687926</td>\n    </tr>\n    <tr>\n      <th>가산에스케이</th>\n      <td>1.408515</td>\n      <td>1.716643</td>\n      <td>0.400714</td>\n      <td>1.035496</td>\n      <td>0.420369</td>\n      <td>0.000000</td>\n      <td>2.271659</td>\n      <td>3.340112</td>\n      <td>3.500299</td>\n      <td>0.920369</td>\n    </tr>\n    <tr>\n      <th>금천독산</th>\n      <td>1.021456</td>\n      <td>1.095370</td>\n      <td>1.900196</td>\n      <td>1.554849</td>\n      <td>1.900563</td>\n      <td>2.271659</td>\n      <td>0.000000</td>\n      <td>2.709650</td>\n     